Rstd = [1.0 10 100 1.0e3 10e3 100e3 1.0e6
1.1 11 110 1.1e3 11e3 110e3 1.1e6
1.2 12 120 1.2e3 12e3 120e3 1.2e6
1.3 13 130 1.3e3 13e3 130e3 1.3e6
1.5 15 150 1.5e3 15e3 150e3 1.5e6
1.6 16 160 1.6e3 16e3 160e3 1.6e6
1.8 18 180 1.8e3 18e3 180e3 1.8e6
2.0 20 200 2.0e3 20e3 200e3 2.0e6
2.2 22 220 2.2e3 22e3 220e3 2.2e6
2.4 24 240 2.4e3 24e3 240e3 2.4e6
2.7 27 270 2.7e3 27e3 270e3 2.7e6
3.0 30 300 3.0e3 30e3 300e3 3.0e6
3.3 33 330 3.3e3 33e3 330e3 3.3e6
3.6 36 360 3.6e3 36e3 360e3 3.6e6
3.9 39 390 3.9e3 39e3 390e3 3.9e6
4.3 43 430 4.3e3 43e3 430e3 4.3e6
4.7 47 470 4.7e3 47e3 470e3 4.7e6
5.1 51 510 5.1e3 51e3 510e3 5.1e6
5.6 56 560 5.6e3 56e3 560e3 5.6e6
6.2 62 620 6.2e3 62e3 620e3 6.2e6
6.8 68 680 6.8e3 68e3 680e3 6.8e6
7.5 75 750 7.5e3 75e3 750e3 7.5e6
8.2 82 820 8.2e3 82e3 820e3 8.2e6
9.1 91 910 9.1e3 91e3 910e3 9.1e6